[-159.11857732]
[489.44230205]
[687.2828812]
[768.79876271]
[870.55600688]
[787.43364844]
[250.60927084]
[-122.38127449]
[410.66161481]
[665.80348594]
[800.65591261]
[920.74851766]
[839.00742719]
[294.56356516]
[-80.33755602]
[438.72742158]
[692.76622105]
[827.9108232]
[945.96996909]
[853.00471446]
[283.98688964]
[-83.32373339]
[445.55199338]
[700.6653408]
[834.53768188]
[952.80631015]
[858.3294007]
[284.7055591]
[-86.29076647]
[446.18059468]
[702.12755448]
[835.65473275]
[953.86400083]
[859.718275]
[286.15898439]
[-86.81827556]
[446.12036079]
[702.26359467]
[835.75289549]
[953.93903622]
[859.96260257]
[286.53876113]
[-86.80848498]
[446.1037605]
[702.26390304]
[835.75469428]
[953.93091595]
[859.96270536]
[286.57008584]
[-86.78725922]
[446.10499395]
[702.26230982]
[835.75469428]
[953.93009365]
[859.95807989]
[286.56304485]
[-86.78381581]
[446.10653578]
[702.26287515]
[835.75536241]
[953.93276614]
[859.96291094]
[286.56468946]
[-86.78399569]
[446.1072039]
[702.26359467]
[835.75597914]
[953.93214941]
[859.96275675]
[286.56489503]
[-86.78404709]
[446.10715251]
[702.26359467]
[835.75587635]
[953.93235499]
[859.96260257]
[286.56458667]
[-86.78404709]
[446.10715251]
[702.26359467]
[835.75597914]
[953.93245777]
[859.96270536]
[286.56458667]
[-86.78417557]
[446.10715251]
[702.26359467]
[835.75597914]
[953.93245777]
[859.96270536]
[286.56445818]
[-86.78417557]
[446.10715251]
[702.26369746]
[835.75597914]
[953.93245777]
[859.96265396]
[286.56448388]
[-86.78414987]
[446.1072039]
[702.26369746]
[835.75597914]
[953.93245777]
[859.96270536]
[286.56443249]
[-86.78404709]
[446.1072039]
[702.26369746]
[835.75597914]
[953.93245777]
[859.96260257]
[286.5643297]
[-86.78407278]
[446.1072039]
[702.26369746]
[835.75597914]
[953.93245777]
[859.96265396]
[286.5643297]
[-86.78417557]
[446.1072039]
[702.26359467]
[835.75597914]
[953.93245777]
[859.96265396]
[286.56458667]
[-86.78414987]
[446.1072039]
[702.26369746]
[835.75603053]
[953.93245777]
[859.96265396]
[286.56448388]
[-86.78404709]
[446.1072039]
[702.26364607]
[835.75597914]
[953.93245777]
[859.96270536]
[286.56443249]
[-86.78414987]
[446.1072039]
[702.26369746]
[835.75603053]
[953.93245777]
[859.96265396]
[286.56443249]
[-86.78404709]
[446.1072039]
[702.26364607]
[835.75597914]
[953.93245777]
[859.96260257]
[286.5643297]
[-86.78407278]
[446.10715251]
[702.26364607]
[835.75597914]
[953.93245777]
[859.96265396]
[286.56443249]
[-86.78417557]
[446.1072039]
[702.26369746]
[835.75597914]
[953.93245777]
[859.96265396]
[286.56443249]
[-86.78407278]
[446.1072039]
[702.26364607]
[835.75597914]
[953.93245777]
[859.96265396]
[286.56443249]
[-86.78414987]
[446.1072039]
[702.26364607]
[835.75597914]
[953.93245777]
[859.96260257]
[286.5643297]
[-86.78404709]
[446.1072039]
[702.26369746]
[835.75597914]
[953.93245777]
[859.96265396]
[286.56443249]
[-86.78414987]
[446.1072039]
[702.26369746]
[835.75597914]
[953.93245777]
[859.96270536]
[286.56461237]
[-86.78414987]
[446.10715251]
[702.26364607]
[835.75597914]
[953.93245777]
[859.96270536]
[286.56453528]
[-86.78417557]
[446.10715251]
[702.26364607]
[835.75597914]
[953.93245777]
[859.96265396]
[286.56448388]
[-86.78414987]
[446.1072039]
[702.26369746]
[835.75597914]
[953.93245777]
[859.96265396]
[286.56443249]
[-86.78414987]
[446.10715251]
[702.26364607]
[835.75597914]
[953.93245777]
[859.96265396]
[286.56438109]
[-86.78414987]
[446.1072039]
[702.26369746]
[835.75597914]
[953.93245777]
[859.96265396]
[286.56443249]
[-86.78414987]
[446.1072039]
[702.26369746]
[835.75597914]
[953.93245777]
[859.96270536]
[286.5643297]
[-86.78404709]
[446.1072039]
[702.26359467]
[835.75592774]
[953.93245777]
[859.96260257]
[286.56443249]
[-86.78404709]
[446.10715251]
[702.26364607]
[835.75597914]
[953.93245777]
[859.96265396]
[286.5643297]
[-86.78414987]
[446.1072039]
[702.26364607]
[835.75597914]
[953.93245777]
[859.96270536]
[286.56443249]
[-86.78417557]
[446.10715251]
[702.26364607]
[835.75597914]
[953.93245777]
[859.96270536]
[286.56450958]
[-86.78414987]
[446.10715251]
[702.26369746]
[835.75597914]
[953.93245777]
[859.96265396]
[286.56443249]
[-86.78417557]
[446.1072039]
[702.26369746]
[835.75597914]
[953.93245777]
[859.96265396]
[286.56461237]
[-86.78414987]
[446.10715251]
[702.26364607]
[835.75597914]
[953.93245777]
[859.96270536]
[286.56456097]
[-86.78417557]
[446.10715251]
[702.26369746]
[835.75597914]
[953.93245777]
[859.96265396]
[286.56458667]
[-86.78414987]
[446.1072039]
[702.26369746]
[835.75597914]
[953.93245777]
[859.96270536]
[286.56448388]
[-86.78425266]
[446.10710111]
[702.26359467]
[835.75597914]
[953.93245777]
[859.96265396]
[286.56445818]
[-86.78414987]
[446.1072039]
[702.26369746]
[835.75597914]
[953.93245777]
[859.96265396]
[286.56448388]
[-86.78414987]
[446.1072039]
[702.26364607]
[835.75597914]
[953.93245777]
[859.96265396]
[286.56443249]
[-86.78414987]
[446.10710111]
[702.26364607]
[835.75597914]
[953.93245777]
[859.96270536]
[286.56453528]
[-86.78414987]
[446.1072039]
[702.26369746]
[835.75597914]
[953.93245777]
[859.96270536]
[286.56445818]
[-86.78414987]
[446.10715251]
[702.26364607]
[835.75597914]
[953.93245777]
[859.96270536]
[286.56445818]
[-86.78414987]
[446.10715251]
[702.26359467]
[835.75587635]
[953.93245777]
[859.96260257]
[286.56443249]
[-86.78414987]
[446.10710111]
[702.26364607]
[835.75592774]
[953.93245777]
[859.96270536]
[286.56453528]
[-86.78414987]
[446.1072039]
[702.26369746]
[835.75597914]
[953.93245777]
[859.96265396]
[286.56445818]
[-86.78414987]
[446.1072039]
[702.26364607]
[835.75597914]
[953.93245777]
[859.96265396]
[286.56445818]
[-86.78414987]
[446.1072039]
[702.26369746]
[835.75597914]
[953.93245777]
[859.96265396]
[286.56438109]
[-86.78414987]
[446.1072039]
[702.26369746]
[835.75597914]
[953.93245777]
[859.96265396]
[286.56461237]
[-86.78414987]
[446.10715251]
[702.26369746]
[835.75597914]
[953.93245777]
[859.96265396]
[286.56448388]
[-86.78404709]
[446.1072039]
[702.26364607]
[835.75597914]
[953.93245777]
[859.96265396]
[286.56443249]
[-86.78414987]
[446.1072039]
[702.26369746]
[835.75597914]
[953.93245777]
[859.96265396]
[286.56443249]
[-86.78414987]
[446.1072039]
[702.26369746]
[835.75597914]
[953.93245777]
[859.96260257]
[286.56443249]
[-86.78414987]
[446.10715251]
[702.26364607]
[835.75597914]
[953.93245777]
[859.96270536]
[286.56443249]
[-86.78414987]
[446.1072039]
[702.26369746]
[835.75597914]
[953.93245777]
[859.96265396]
[286.56453528]
[-86.78414987]
[446.10715251]
[702.26364607]
[835.75597914]
[953.93245777]
[859.96270536]
[286.56456097]
[-86.78417557]
[446.10715251]
[702.26359467]
[835.75592774]
[953.93245777]
[859.96265396]
[286.56445818]
[-86.78417557]
[446.1072039]
[702.26364607]
[835.75597914]
[953.93245777]
[859.96265396]
[286.56458667]
[-86.78414987]
[446.10715251]
[702.26369746]
[835.75597914]
[953.93245777]
[859.96265396]
[286.56445818]
[-86.78404709]
[446.1072039]
[702.26364607]
[835.75597914]
[953.93245777]
[859.96265396]
[286.56443249]
[-86.78417557]
[446.10715251]
[702.26359467]
[835.75592774]
[953.93245777]
[859.96260257]
[286.56448388]
[-86.78407278]
[446.1072039]
[702.26369746]
[835.75597914]
[953.93245777]
[859.96270536]
[286.56440679]
[-86.78417557]
[446.1072039]
[702.26364607]
[835.75597914]
[953.93245777]
[859.96265396]
[286.56443249]
[-86.78407278]
[446.10715251]
[702.26359467]
[835.75597914]
[953.93245777]
[859.96265396]
[286.56438109]
[-86.78404709]
[446.1072039]
[702.26364607]
[835.75597914]
[953.93245777]
[859.96270536]
[286.56443249]
[-86.78414987]
[446.10715251]
[702.26364607]
[835.75597914]
[953.93245777]
[859.96265396]
[286.56456097]
[-86.78414987]
[446.10715251]
[702.26364607]
[835.75597914]
[953.93245777]
[859.96270536]
[286.56461237]
[-86.78417557]
[446.10715251]
[702.26364607]
[835.75597914]
[953.93245777]
[859.96265396]
[286.56443249]
[-86.78414987]
[446.10715251]
[702.26364607]
[835.75597914]
[953.93245777]
[859.96265396]
[286.56458667]
[-86.78417557]
[446.1072039]
[702.26369746]
[835.75597914]
[953.93245777]
[859.96265396]
[286.56445818]
[-86.78414987]
[446.1072039]
[702.26364607]
[835.75597914]
[953.93245777]
[859.96265396]
[286.56438109]
[-86.78414987]
[446.1072039]
[702.26369746]
[835.75597914]
[953.93245777]
[859.96265396]
[286.5643297]
[-86.78404709]
[446.1072039]
[702.26359467]
[835.75592774]
[953.93245777]
[859.96260257]
[286.56445818]
[-86.78407278]
[446.10715251]
[702.26364607]
[835.75597914]
[953.93245777]
[859.96260257]
[286.56448388]
[-86.78404709]
[446.1072039]
[702.26364607]
[835.75597914]
[953.93245777]
[859.96260257]
[286.56443249]
[-86.78414987]
[446.1072039]
[702.26364607]
[835.75597914]
[953.93245777]
[859.96270536]
[286.56443249]
[-86.78414987]
[446.10715251]
[702.26369746]
[835.75597914]
[953.93245777]
[859.96265396]
[286.56450958]
[-86.78414987]
[446.1072039]
[702.26369746]
[835.75597914]
[953.93245777]
[859.96260257]
[286.56443249]
[-86.78414987]
[446.1072039]
[702.26364607]
[835.75597914]
[953.93245777]
[859.96270536]
[286.56458667]
[-86.78414987]
[446.10715251]
[702.26359467]
[835.75597914]
[953.93245777]
[859.96270536]
[286.56450958]
[-86.78414987]
[446.10715251]
[702.26369746]
[835.75597914]
[953.93245777]
[859.96270536]
[286.56448388]
[-86.78414987]
[446.1072039]
[702.26364607]
[835.75597914]
[953.93245777]
[859.96260257]
[286.5643297]
[-86.78404709]
[446.1072039]
[702.26364607]
[835.75597914]
[953.93245777]
[859.96260257]
[286.5642783]
[-86.78404709]
[446.1072039]
[702.26364607]
[835.75597914]
[953.93245777]
[859.96265396]
[286.56438109]
[-86.78417557]
[446.1072039]
[702.26364607]
[835.75597914]
[953.93245777]
[859.96260257]
[286.56443249]
[-86.78407278]
[446.10715251]
[702.26359467]
[835.75597914]
[953.93245777]
[859.96270536]
[286.56438109]
[-86.78417557]
[446.10715251]
[702.26369746]
[835.75597914]
[953.93245777]
[859.96265396]
[286.56445818]
[-86.78404709]
[446.1072039]
[702.26364607]
[835.75597914]
[953.93245777]
[859.96265396]
[286.56443249]
[-86.78417557]
[446.10715251]
[702.26364607]
[835.75597914]
[953.93245777]
[859.96260257]
[286.56453528]
[-86.78414987]
[446.10715251]
[702.26369746]
[835.75597914]
[953.93245777]
[859.96270536]
[286.56463806]
[-86.78412418]
[446.1072039]
[702.26364607]
[835.75597914]
[953.93245777]
[859.96270536]
[286.56445818]
[-86.78404709]
[446.1072039]
[702.26369746]
[835.75597914]
[953.93245777]
[859.96270536]
[286.5643297]
[-86.78407278]
[446.10715251]
[702.26364607]
[835.75597914]
[953.93245777]
[859.96265396]
[286.56438109]
[-86.78414987]
[446.10710111]
[702.26369746]
[835.75597914]
[953.93245777]
[859.96265396]
[286.56456097]
[-86.78414987]
[446.1072039]
[702.26369746]
[835.75597914]
[953.93245777]
[859.96270536]
[286.56453528]
[-86.78414987]
[446.10715251]
[702.26369746]
[835.75597914]
[953.93245777]
[859.96265396]
[286.56445818]
[-86.78414987]
[446.10710111]
[702.26359467]
[835.75592774]
[953.93235499]
[859.96260257]
[286.56443249]
[-86.78407278]
[446.1072039]
[702.26364607]
[835.75597914]
[953.93245777]
[859.96260257]
[286.56448388]
[-86.78407278]
[446.1072039]
[702.26364607]
[835.75597914]
[953.93245777]
[859.96260257]
[286.56443249]
[-86.78404709]
[446.1072039]
[702.26369746]
[835.75597914]
[953.93245777]
[859.96260257]
[286.5643297]
[-86.78404709]
[446.1072039]
[702.26364607]
[835.75597914]
[953.93245777]
[859.96260257]
[286.56443249]
[-86.78404709]
[446.1072039]
[702.26364607]
[835.75597914]
[953.93245777]
[859.96265396]
[286.5642783]
[-86.78404709]
[446.10715251]
[702.26359467]
[835.75597914]
[953.93245777]
[859.96265396]
[286.5643297]
[-86.78417557]
[446.1072039]
[702.26369746]
[835.75597914]
[953.93245777]
[859.96265396]
[286.56448388]
[-86.78414987]
[446.10725529]
[702.26369746]
[835.75603053]
[953.93245777]
[859.96270536]
[286.56445818]
[-86.78414987]
[446.10715251]
[702.26369746]
[835.75597914]
[953.93245777]
[859.96265396]
[286.56458667]
[-86.78425266]
[446.10715251]
[702.26364607]
[835.75597914]
[953.93245777]
[859.96270536]
[286.56443249]
[-86.78417557]
[446.10715251]
[702.26359467]
[835.75597914]
[953.93245777]
[859.96270536]
[286.56453528]
[-86.78404709]
[446.1072039]
[702.26369746]
[835.75597914]
[953.93245777]
[859.96270536]
[286.5643297]
[-86.78407278]
[446.10715251]
[702.26364607]
[835.75597914]
[953.93245777]
[859.96265396]
[286.56440679]
[-86.78417557]
[446.1072039]
[702.26364607]
[835.75597914]
[953.93245777]
[859.96260257]
[286.56445818]
[-86.78404709]
[446.1072039]
[702.26364607]
[835.75597914]
[953.93245777]
[859.96270536]
[286.56443249]
[-86.78414987]
[446.10715251]
[702.26364607]
[835.75597914]
[953.93245777]
[859.96265396]
[286.564304]
[-86.78417557]
[446.10715251]
[702.26369746]
[835.75597914]
[953.93245777]
[859.96265396]
[286.56445818]
[-86.78417557]
[446.1072039]
[702.26369746]
[835.75597914]
[953.93245777]
[859.96265396]
[286.56438109]
[-86.78417557]
[446.1072039]
[702.26364607]
[835.75597914]
[953.93245777]
[859.96270536]
[286.56445818]
[-86.78414987]
[446.1072039]
[702.26369746]
[835.75597914]
[953.93245777]
[859.96265396]
[286.5643297]
[-86.78404709]
[446.1072039]
[702.26364607]
[835.75597914]
[953.93245777]
[859.96265396]
[286.56438109]
[-86.78407278]
[446.1072039]
[702.26364607]
[835.75597914]
[953.93245777]
[859.96265396]
[286.56443249]
[-86.78417557]
[446.10715251]
[702.26364607]
[835.75597914]
[953.93245777]
[859.96265396]
[286.56458667]
[-86.78414987]
[446.10715251]
[702.26369746]
[835.75597914]
[953.93245777]
[859.96265396]
[286.56458667]
[-86.78414987]
[446.10715251]
[702.26359467]
[835.75597914]
[953.93245777]
[859.96265396]
[286.56443249]
[-86.78414987]
[446.10715251]
[702.26359467]
[835.75597914]
[953.93245777]
[859.96270536]
[286.56450958]
[-86.78425266]
[446.1072039]
[702.26369746]
[835.75597914]
[953.93245777]
[859.96265396]
[286.56448388]
[-86.78417557]
[446.10715251]
[702.26359467]
[835.75597914]
[953.93245777]
[859.96270536]
[286.56453528]
[-86.78414987]
[446.1072039]
[702.26369746]
[835.75597914]
[953.93245777]
[859.96260257]
[286.56440679]
[-86.78407278]
[446.10715251]
[702.26359467]
[835.75597914]
[953.93235499]
[859.96260257]
[286.56443249]
[-86.78404709]
[446.1072039]
[702.26364607]
[835.75597914]
[953.93245777]
[859.96270536]
[286.5643297]
[-86.78404709]
[446.1072039]
[702.26364607]
[835.75597914]
[953.93245777]
[859.96265396]
[286.5643554]
[-86.78414987]
[446.1072039]
[702.26364607]
[835.75597914]
[953.93245777]
[859.96265396]
[286.56443249]
[-86.78404709]
[446.1072039]
[702.26369746]
[835.75597914]
[953.93245777]
[859.96265396]
[286.5643297]
[-86.78404709]
[446.10725529]
[702.26364607]
[835.75597914]
[953.93245777]
[859.96265396]
[286.56445818]
[-86.78404709]
[446.1072039]
[702.26369746]
[835.75597914]
[953.93245777]
[859.96265396]
[286.56438109]
[-86.78407278]
[446.10725529]
[702.26369746]
[835.75597914]
[953.93245777]
[859.96270536]
[286.5643297]
[-86.78417557]
[446.10715251]
[702.26359467]
[835.75592774]
[953.93235499]
[859.96260257]
[286.56445818]
[-86.78417557]
[446.10715251]
[702.26364607]
[835.75597914]
[953.93245777]
[859.96270536]
[286.56461237]
[-86.78404709]
[446.1072039]
[702.26369746]
[835.75597914]
[953.93245777]
[859.96265396]
[286.56445818]
[-86.78414987]
[446.1072039]
[702.26369746]
[835.75597914]
[953.93245777]
[859.96270536]
[286.56443249]
[-86.78414987]
[446.1072039]
[702.26369746]
[835.75597914]
[953.93245777]
[859.96265396]
[286.56448388]
[-86.78414987]
[446.10710111]
[702.26364607]
[835.75592774]
[953.93235499]
[859.96265396]
[286.56445818]
[-86.78404709]
[446.1072039]
[702.26364607]
[835.75592774]
[953.93245777]
[859.96260257]
[286.56456097]
[-86.78414987]
[446.10715251]
[702.26369746]
[835.75597914]
[953.93245777]
[859.96270536]
[286.56443249]
[-86.78414987]
[446.10715251]
[702.26364607]
[835.75597914]
[953.93245777]
[859.96270536]
[286.56461237]
[-86.78414987]
[446.10715251]
[702.26364607]
[835.75597914]
[953.93245777]
[859.96270536]
[286.56461237]
[-86.78414987]
[446.1072039]
[702.26369746]
[835.75597914]
[953.93245777]
[859.96265396]
[286.56458667]
[-86.78412418]
[446.10725529]
[702.26369746]
[835.75603053]
[953.93245777]
[859.96265396]
[286.56445818]
[-86.78404709]
[446.10715251]
[702.26359467]
[835.75587635]
[953.93245777]
[859.96260257]
[286.5643297]
[-86.78407278]
[446.10715251]
[702.26364607]
[835.75597914]
[953.93245777]
[859.96265396]
[286.56443249]
[-86.78404709]
[446.10715251]
[702.26369746]
[835.75597914]
[953.93245777]
[859.96265396]
[286.56438109]
[-86.78404709]
[446.10725529]
[702.26369746]
[835.75597914]
[953.93245777]
[859.96260257]
[286.564304]
[-86.78404709]
[446.1072039]
[702.26364607]
[835.75597914]
[953.93245777]
[859.96265396]
[286.56440679]
[-86.78417557]
[446.1072039]
[702.26369746]
[835.75597914]
[953.93245777]
[859.96265396]
[286.56450958]
[-86.78414987]
[446.10715251]
[702.26364607]
[835.75597914]
[953.93245777]
[859.96260257]
[286.56448388]
[-86.78414987]
[446.10715251]
[702.26359467]
[835.75592774]
[953.93235499]
[859.96260257]
[286.56438109]
[-86.78404709]
[446.10715251]
[702.26364607]
[835.75597914]
[953.93245777]
[859.96265396]
[286.5643297]
[-86.78404709]
[446.1072039]
[702.26359467]
[835.75597914]
[953.93245777]
[859.96265396]
[286.56443249]
[-86.78414987]
[446.1072039]
[702.26369746]
[835.75597914]
[953.93245777]
[859.96260257]
[286.56443249]
[-86.78414987]
[446.1072039]
[702.26364607]
[835.75597914]
[953.93245777]
[859.96260257]
[286.5643297]
[-86.78414987]
[446.10715251]
[702.26359467]
[835.75592774]
[953.93235499]
[859.96265396]
[286.56448388]
[-86.78417557]
[446.1072039]
[702.26364607]
[835.75597914]
[953.93245777]
[859.96270536]
[286.56445818]
[-86.78414987]
[446.1072039]
[702.26369746]
[835.75597914]
[953.93245777]
[859.96265396]
[286.56443249]
[-86.78414987]
[446.1072039]
[702.26364607]
[835.75597914]
[953.93245777]
[859.96265396]
[286.56438109]
[-86.78414987]
[446.1072039]
[702.26369746]
[835.75597914]
[953.93245777]
[859.96265396]
[286.56443249]
[-86.78414987]
[446.1072039]
[702.26369746]
[835.75597914]
[953.93245777]
[859.96270536]
[286.5643297]
[-86.78414987]
[446.1072039]
[702.26359467]
[835.75592774]
[953.93235499]
[859.96260257]
[286.564304]
[-86.78407278]
[446.10715251]
[702.26364607]
[835.75597914]
[953.93245777]
[859.96265396]
[286.56443249]
[-86.78414987]
[446.1072039]
[702.26364607]
[835.75597914]
[953.93245777]
[859.96265396]
[286.56448388]
[-86.78402139]
[446.1072039]
[702.26369746]
[835.75597914]
[953.93245777]
[859.96265396]
[286.5643554]
[-86.78417557]
[446.10715251]
[702.26364607]
[835.75597914]
[953.93245777]
[859.96270536]
[286.56458667]
[-86.78414987]
[446.1072039]
[702.26369746]
[835.75597914]
[953.93245777]
[859.96265396]
[286.56458667]
[-86.78412418]
[446.10710111]
[702.26369746]
[835.75597914]
[953.93245777]
[859.96265396]
[286.56445818]
[-86.78414987]
[446.10715251]
[702.26359467]
[835.75587635]
[953.93235499]
[859.96265396]
[286.56456097]
[-86.78414987]
[446.10715251]
[702.26369746]
[835.75597914]
[953.93245777]
[859.96265396]
[286.56450958]
[-86.78404709]
[446.1072039]
[702.26369746]
[835.75597914]
[953.93245777]
[859.96270536]
[286.5643297]
[-86.78404709]
[446.10725529]
[702.26369746]
[835.75597914]
[953.93245777]
[859.96265396]
[286.5643297]
[-86.78404709]
[446.1072039]
[702.26364607]
[835.75597914]
[953.93245777]
[859.96260257]
[286.56448388]
[-86.78407278]
[446.1072039]
[702.26369746]
[835.75597914]
[953.93245777]
[859.96265396]
[286.56450958]
[-86.78404709]
[446.1072039]
[702.26369746]
[835.75597914]
[953.93245777]
[859.96265396]
[286.5643297]
[-86.78414987]
[446.1072039]
[702.26369746]
[835.75597914]
[953.93245777]
[859.96270536]
[286.56458667]
[-86.78414987]
[446.10715251]
[702.26369746]
[835.75597914]
[953.93245777]
[859.96265396]
[286.56443249]
[-86.78414987]
[446.1072039]
[702.26364607]
[835.75597914]
[953.93245777]
[859.96270536]
[286.56450958]
[-86.78417557]
[446.10715251]
[702.26364607]
[835.75597914]
[953.93245777]
[859.96260257]
[286.56448388]
[-86.78417557]
[446.10715251]
[702.26359467]
[835.75592774]
[953.93245777]
[859.96270536]
[286.56443249]
[-86.78414987]
[446.1072039]
[702.26369746]
[835.75597914]
[953.93245777]
[859.96265396]
[286.56438109]
[-86.78414987]
[446.1072039]
[702.26359467]
[835.75597914]
[953.93245777]
[859.96270536]
[286.5643554]
[-86.78417557]
[446.10715251]
[702.26359467]
[835.75597914]
[953.93245777]
[859.96265396]
[286.56445818]
[-86.78414987]
[446.1072039]
[702.26369746]
[835.75597914]
[953.93245777]
[859.96270536]
[286.5643554]
[-86.78414987]
[446.1072039]
[702.26364607]
[835.75597914]
[953.93245777]
[859.96260257]
[286.56443249]
[-86.78407278]
[446.1072039]
[702.26359467]
[835.75597914]
[953.93245777]
[859.96260257]
[286.56450958]
[-86.78414987]
[446.10715251]
[702.26364607]
[835.75597914]
[953.93245777]
[859.96260257]
[286.56443249]
[-86.78414987]
[446.10715251]
[702.26364607]
[835.75597914]
[953.93245777]
[859.96265396]
[286.56438109]
[-86.78417557]
[446.1072039]
[702.26359467]
[835.75597914]
[953.93245777]
[859.96265396]
[286.56438109]
[-86.78414987]
[446.1072039]
[702.26364607]
[835.75597914]
[953.93245777]
[859.96265396]
[286.5643554]
[-86.78417557]
[446.10715251]
[702.26369746]
[835.75597914]
[953.93245777]
[859.96270536]
[286.56448388]
[-86.78407278]
[446.1072039]
[702.26369746]
[835.75603053]
[953.93245777]
[859.96260257]
[286.564304]
[-86.78404709]
[446.10715251]
[702.26364607]
[835.75597914]
[953.93245777]
[859.96260257]
[286.56445818]
[-86.78404709]
[446.1072039]
[702.26369746]
[835.75597914]
[953.93245777]
[859.96265396]
[286.56438109]
[-86.78407278]
[446.10725529]
[702.26364607]
[835.75597914]
[953.93245777]
[859.96260257]
[286.56443249]
[-86.78414987]
[446.1072039]
[702.26369746]
[835.75597914]
[953.93245777]
[859.96265396]
[286.56445818]
[-86.78417557]
[446.10715251]
[702.26364607]
[835.75597914]
[953.93245777]
[859.96265396]
[286.56443249]
[-86.78417557]
[446.10715251]
[702.26364607]
[835.75592774]
[953.93245777]
[859.96265396]
[286.56448388]
[-86.78417557]
[446.10715251]
[702.26364607]
[835.75597914]
[953.93245777]
[859.96265396]
[286.56443249]
[-86.78414987]
[446.10715251]
[702.26359467]
[835.75587635]
[953.93245777]
[859.96265396]
[286.56453528]
[-86.78404709]
[446.10725529]
[702.26369746]
[835.75597914]
[953.93245777]
[859.96265396]
[286.56443249]
[-86.78414987]
[446.1072039]
[702.26364607]
[835.75597914]
[953.93245777]
[859.96265396]
[286.56438109]
[-86.78414987]
[446.10715251]
[702.26369746]
[835.75597914]
[953.93245777]
[859.96270536]
[286.56450958]
[-86.78414987]
[446.1072039]
[702.26369746]
[835.75597914]
[953.93245777]
[859.96265396]
[286.56448388]
[-86.78417557]
[446.1072039]
[702.26364607]
[835.75597914]
[953.93245777]
[859.96260257]
[286.5643297]
[-86.78414987]
[446.1072039]
[702.26364607]
[835.75597914]
[953.93245777]
[859.96265396]
[286.56445818]
[-86.78414987]
[446.10715251]
[702.26364607]
[835.75597914]
[953.93245777]
[859.96265396]
[286.56445818]
[-86.78407278]
[446.10715251]
[702.26364607]
[835.75592774]
[953.93235499]
[859.96265396]
[286.56443249]
[-86.78414987]
[446.10715251]
[702.26364607]
[835.75597914]
[953.93245777]
[859.96270536]
[286.56458667]
[-86.78425266]
[446.10715251]
[702.26369746]
[835.75597914]
[953.93245777]
[859.96270536]
[286.56453528]
[-86.78417557]
[446.10715251]
[702.26369746]
[835.75597914]
[953.93245777]
[859.96260257]
[286.56445818]
[-86.78407278]
[446.1072039]
[702.26369746]
[835.75597914]
[953.93245777]
[859.96265396]
[286.56443249]
[-86.78417557]
[446.1072039]
[702.26369746]
[835.75597914]
[953.93245777]
[859.96265396]
[286.56443249]
[-86.78412418]
[446.10715251]
[702.26364607]
[835.75597914]
[953.93245777]
[859.96270536]
[286.56458667]
[-86.78417557]
[446.1072039]
[702.26369746]
[835.75597914]
[953.93245777]
[859.96265396]
[286.56443249]
[-86.78414987]
[446.10715251]
[702.26364607]
[835.75597914]
[953.93245777]
[859.96265396]
[286.56458667]
[-86.78414987]
[446.10715251]
[702.26369746]
[835.75597914]
[953.93245777]
[859.96265396]
[286.56458667]
[-86.78414987]
[446.1072039]
[702.26369746]
[835.75597914]
[953.93245777]
[859.96265396]
[286.56445818]
[-86.78414987]
[446.1072039]
[702.26364607]
[835.75597914]
[953.93245777]
[859.96270536]
[286.56443249]
[-86.78414987]
[446.10710111]
[702.26359467]
[835.75592774]
[953.93245777]
[859.96260257]
[286.56458667]
[-86.78417557]
[446.10715251]
[702.26364607]
[835.75597914]
[953.93245777]
[859.96270536]
[286.56456097]
[-86.78414987]
[446.1072039]
[702.26369746]
[835.75597914]
[953.93245777]
[859.96265396]
[286.56443249]
[-86.78414987]
[446.10710111]
[702.26364607]
[835.75597914]
[953.93245777]
[859.96265396]
[286.56448388]
[-86.78414987]
[446.10715251]
[702.26369746]
[835.75597914]
[953.93245777]
[859.96270536]
[286.56450958]
[-86.78425266]
[446.1072039]
[702.26369746]
[835.75597914]
[953.93245777]
[859.96265396]
[286.56445818]
[-86.78414987]
[446.1072039]
[702.26364607]
[835.75597914]
[953.93245777]
[859.96260257]
[286.56443249]
[-86.78404709]
[446.1072039]
[702.26369746]
[835.75597914]
[953.93245777]
[859.96265396]
[286.5643297]
[-86.78414987]
[446.10715251]
[702.26364607]
[835.75597914]
[953.93245777]
[859.96260257]
[286.56443249]
[-86.78404709]
[446.1072039]
[702.26364607]
[835.75597914]
[953.93245777]
[859.96260257]
[286.564304]
[-86.78407278]
[446.1072039]
[702.26364607]
[835.75597914]
[953.93245777]
[859.96260257]
[286.56443249]
[-86.78407278]
[446.1072039]
[702.26369746]
[835.75597914]
[953.93245777]
[859.96265396]
[286.5643297]
[-86.78414987]
[446.10715251]
[702.26364607]
[835.75597914]
[953.93245777]
[859.96270536]
[286.56445818]
[-86.78404709]
[446.1072039]
[702.26369746]
[835.75597914]
[953.93245777]
[859.96265396]
[286.56453528]
[-86.78414987]
[446.1072039]
[702.26369746]
[835.75597914]
[953.93245777]
[859.96270536]
[286.56445818]
[-86.78404709]
[446.1072039]
[702.26369746]
[835.75603053]
[953.93245777]
[859.96270536]
[286.56438109]
[-86.78417557]
[446.1072039]
[702.26369746]
[835.75597914]
[953.93245777]
[859.96265396]
[286.56443249]
[-86.78414987]
[446.1072039]
[702.26369746]
[835.75597914]
[953.93245777]
[859.96260257]
[286.56448388]
[-86.78414987]
[446.10715251]
[702.26364607]
[835.75597914]
[953.93245777]
[859.96270536]
[286.56445818]
[-86.78414987]
[446.10715251]
[702.26364607]
[835.75597914]
[953.93245777]
[859.96265396]
[286.56445818]
[-86.78404709]
[446.1072039]
[702.26369746]
[835.75597914]
[953.93245777]
[859.96265396]
[286.56443249]
[-86.78414987]
[446.1072039]
[702.26369746]
[835.75597914]
[953.93245777]
[859.96260257]
[286.56443249]
[-86.78414987]
[446.1072039]
[702.26364607]
[835.75597914]
[953.93245777]
[859.96270536]
[286.56443249]
[-86.78414987]
[446.1072039]
[702.26364607]
[835.75597914]
[953.93245777]
[859.96260257]
[286.5642783]
[-86.78404709]
[446.1072039]
[702.26359467]
[835.75592774]
[953.93245777]
[859.96260257]
[286.5642783]
[-86.78407278]
[446.1072039]
[702.26359467]
[835.75597914]
[953.93245777]
[859.96265396]
[286.56443249]
[-86.78417557]
[446.1072039]
[702.26369746]
[835.75597914]
[953.93245777]
[859.96265396]
[286.56461237]
[-86.78414987]
[446.10710111]
[702.26359467]
[835.75597914]
[953.93245777]
[859.96270536]
[286.56458667]
[-86.78414987]
[446.10715251]
[702.26364607]
[835.75597914]
[953.93245777]
[859.96270536]
[286.56445818]
[-86.78414987]
[446.10715251]
[702.26369746]
[835.75597914]
[953.93245777]
[859.96270536]
[286.56445818]
[-86.78414987]
[446.1072039]
[702.26364607]
[835.75597914]
[953.93245777]
[859.96260257]
[286.5643554]
[-86.78404709]
[446.1072039]
[702.26364607]
[835.75597914]
[953.93245777]
[859.96265396]
[286.5643297]
[-86.78404709]
[446.1072039]
[702.26364607]
[835.75597914]
[953.93245777]
